-0.22
-0.2161523303437226
-0.21358992866937357
-0.15508480014556597
-0.10317112963330502
-0.05124136384665747
-0.00685050747144061
0.13051256680675884
0.15797656941322543
0.1619738106941132
0.16979341211898065
0.17627745965138574
0.1789304461362556
0.18964747112207827
0.19867236907356645
0.18597646748953648
0.19297328467649383
0.18794300132306253
0.18772201815134623
0.18775881719124662
0.1912232381994255
0.1883034345214964
0.19398028582854197
0.1827332163875519
0.1907300017435954
0.1913850191236049
0.1872176162624878
0.19696509275114995
0.19952260924205656
0.19659710303330364
