-0.22
-0.21619287816999985
-0.211775117313206
-0.14009052064500196
-0.10477833220626956
-0.047541012331644344
0.1413093361200182
0.12377816336927075
0.13833337336036555
0.15020826260775654
0.1469984947167799
0.14899302805475484
0.1282555072583612
0.15975061225928097
0.12247112660203785
0.157415799359869
0.1549590697965947
0.1699946756659778
0.1341465146448677
0.1462085344797044
0.1673005081157501
0.17091229201028494
0.17942240329648166
0.16076694114212012
0.18777698746167334
0.1607354901798555
0.1782181848795878
0.17707447444301878
0.16038330437937356
0.1833149837900781
