-0.18
-0.16934477636706582
-0.1640830314514158
-0.1691093726243306
-0.0918659114757169
-0.06745993532978148
0.12006563779408784
0.12405030693258876
0.14064695560344865
0.1536330627957591
0.13040775114793173
0.13856153742490814
0.14195149609434925
0.14384172420217206
0.14170713672507767
0.16497870727921603
0.1442710721971722
0.14448892398779355
0.15941988172635373
0.16151631808843842
0.17510865379964626
0.15825921289461862
0.16042717412906576
0.15539042697825201
0.15628934559120965
0.16267212212295177
0.16113302484730234
0.1505387664726803
0.16610449970532646
0.15208124447226696
