-0.22
-0.2190623210257042
-0.2040570172938469
-0.18123714918958314
-0.10173104320919038
-0.06407175169283832
-0.03199999984354243
0.135530964826469
0.14412446506658436
0.15098548223643638
0.16364574518669048
0.17637515299224824
0.17936438329447375
0.183300257008412
0.17887638564953157
0.17609818183035757
0.1783000241885159
0.18263697445819634
0.19269370133014408
0.18372645657629855
0.1912224701514851
0.18654368020326562
0.1908619489162382
0.19088974267592276
0.19808753979017132
0.1880974130704663
0.19667380484423836
0.18719804613229674
0.18466388022104419
0.1900265246452473
