-0.19
-0.1444499132037035
-0.1474089594924152
-0.12232548772463284
-0.10939073215681362
-0.09294941047493296
-0.06276979843160638
-0.015419899120432
0.00893577633406387
0.01381918100141618
0.029000277281617
0.0397775096738144
0.05200674879966807
0.0721160308358408
0.1119325192570963
0.1314105490140724
0.14383933995558626
0.16506272241905717
0.16328914894487984
0.1631303816140434
0.16009623374155743
0.17139495763433935
0.1637909566416038
0.17241864511773183
0.17530737806762867
0.1755468354221262
0.1867532807039799
0.18132444993181787
0.19432764745900838
0.18580630922603408
