-0.19
-0.1717949039912975
-0.17012495706767652
-0.12556356450936015
-0.04553778672778677
0.09906479528796136
0.10315838397339687
0.11793153788490342
0.12263581028023358
0.1326379764388267
0.1372769751770896
0.1391338098073862
0.1403548200541186
0.14331692344856165
0.15063485571412602
0.14108029584437741
0.15368097374302805
0.1559172736690356
0.15270121747382972
0.16451360714355392
0.17292248026852555
0.17083818422790685
0.17695640775423345
0.1702765503886224
0.17771544721175285
0.17176857581244743
0.17997829981119912
0.18487904812585263
0.19929954042827208
0.19992239066490715
