-0.19
-0.16822738300277706
-0.1588862026673187
-0.1478437537846564
-0.1320063741352508
-0.13728022536645548
-0.12357737160113733
-0.10804105213458128
-0.08696935775403128
-0.06760844631455902
-0.040618206092125
-0.02393548487512746
-0.0129338071783763
-0.008701690127958872
-0.00496454734780622
0.0013945411304696
0.0161046012931734
0.045863606958677
0.0907244080678895
0.12996893320831324
0.1255800779359287
0.1439432307087821
0.1690038431976968
0.16539055640209196
0.17254810963038816
0.16317919965462066
0.1611448949473922
0.1733851216371218
0.1810627417580131
0.17224759974358742
